# BRON: KONINKLIJK NEDERLANDS METEOROLOGISCH INSTITUUT (KNMI)
# Opmerking: door stationsverplaatsingen en veranderingen in waarneemmethodieken zijn deze tijdreeksen van dagwaarden mogelijk inhomogeen! Dat betekent dat deze reeks van gemeten waarden niet geschikt is voor trendanalyse. Voor studies naar klimaatverandering verwijzen we naar de gehomogeniseerde reeks maandtemperaturen van De Bilt <http://www.knmi.nl/kennis-en-datacentrum/achtergrond/gehomogeniseerde-reeks-maandtemperaturen-de-bilt> of de Centraal Nederland Temperatuur <http://www.knmi.nl/kennis-en-datacentrum/achtergrond/centraal-nederland-temperatuur-cnt>.
# 
# 
# STN      LON(east)   LAT(north)     ALT(m)  NAME
# 270:         5.752       53.224       1.20  LEEUWARDEN
# 380:         5.762       50.906     114.30  MAASTRICHT
# 
# YYYYMMDD = Datum (YYYY=jaar MM=maand DD=dag); 
# TG       = Etmaalgemiddelde temperatuur (in 0.1 graden Celsius); 
# TX       = Maximum temperatuur (in 0.1 graden Celsius); 
# T10N     = Minimum temperatuur op 10 cm hoogte (in 0.1 graden Celsius); 
# 
# STN,YYYYMMDD,   TG,   TX, T10N
# 
  270,20160101,   50,   90,   -9
  270,20160102,   34,   45,   21
  270,20160103,   11,   21,   -2
  270,20160104,  -18,   13,  -29
  270,20160105,  -21,  -12,  -31
  270,20160106,  -34,  -26,  -42
  270,20160107,   10,   65,  -25
  270,20160108,   55,   83,   13
  270,20160109,   42,   62,    4
  270,20160110,   57,   73,   30
  270,20160111,   42,   58,   24
  270,20160112,   53,   76,   23
  270,20160113,   41,   71,    3
  270,20160114,   24,   53,    3
  270,20160115,   20,   46,  -18
  270,20160116,   21,   47,  -13
  270,20160117,   -4,   32,  -55
  270,20160118,  -26,   -5,  -58
  270,20160119,   -5,   25,  -51
  270,20160120,    9,   46,  -53
  270,20160121,  -16,    0,  -51
  270,20160122,    0,   33,  -30
  270,20160123,   59,   89,   23
  270,20160124,   68,   96,   45
  270,20160125,   98,  131,   66
  270,20160126,   75,   96,   39
  270,20160127,  101,  116,   72
  270,20160128,   60,   78,   36
  270,20160129,   89,  103,   49
  270,20160130,   67,   93,   21
  270,20160131,   56,   71,   33
  270,20160201,   97,  107,   64
  270,20160202,   78,   91,   56
  270,20160203,   50,   65,   30
  270,20160204,   50,   64,   33
  270,20160205,   75,   96,   42
  270,20160206,   89,  100,   76
  270,20160207,   80,  103,   57
  270,20160208,   76,   88,   54
  270,20160209,   54,   75,   17
  270,20160210,   52,   77,   17
  270,20160211,   37,   75,  -24
  270,20160212,   13,   42,  -19
  270,20160213,    9,   33,  -19
  270,20160214,   29,   34,   13
  270,20160215,   20,   54,  -48
  270,20160216,    8,   55,  -59
  270,20160217,   -9,   26,  -43
  270,20160218,    4,   19,  -47
  270,20160219,   25,   67,  -47
  270,20160220,   68,   86,   43
  270,20160221,   91,  108,   65
  270,20160222,   58,   99,   21
  270,20160223,   39,   74,   -5
  270,20160224,   20,   60,  -26
  270,20160225,   15,   56,  -35
  270,20160226,   18,   61,  -53
  270,20160227,    9,   66,  -57
  270,20160228,   27,   70,  -57
  270,20160229,   22,   70,  -58
  270,20160301,   17,   73,  -54
  270,20160302,   46,   77,   16
  270,20160303,   26,   67,  -14
  270,20160304,   18,   31,    1
  270,20160305,   20,   67,  -35
  270,20160306,   23,   63,  -44
  270,20160307,   22,   69,  -43
  270,20160308,   40,   73,    1
  270,20160309,   44,   82,    7
  270,20160310,   32,   67,  -13
  270,20160311,   15,   52,  -49
  270,20160312,   26,   86,  -57
  270,20160313,   19,   75,  -53
  270,20160314,   39,   89,  -30
  270,20160315,   55,   89,    9
  270,20160316,   41,   92,   -7
  270,20160317,   40,  104,  -53
  270,20160318,   57,   87,   40
  270,20160319,   59,   73,   44
  270,20160320,   63,   79,   16
  270,20160321,   68,   82,   55
  270,20160322,   73,   99,   51
  270,20160323,   67,   97,   33
  270,20160324,   68,   90,   43
  270,20160325,   64,   93,  -18
  270,20160326,   89,  148,  -17
  270,20160327,   85,  114,   52
  270,20160328,   84,  116,   58
  270,20160329,   70,  101,   38
  270,20160330,   61,  100,    4
  270,20160331,   58,  101,    0
  270,20160401,   67,  119,  -42
  270,20160402,   95,  132,   43
  270,20160403,  122,  168,   75
  270,20160404,  118,  154,   41
  270,20160405,   98,  122,   73
  270,20160406,   75,  112,   36
  270,20160407,   73,   97,   50
  270,20160408,   72,  109,    5
  270,20160409,   96,  145,    4
  270,20160410,   91,  128,   59
  270,20160411,  114,  156,   59
  270,20160412,  107,  154,   74
  270,20160413,  103,  151,   37
  270,20160414,  100,  153,   38
  270,20160415,   93,  112,   44
  270,20160416,   75,  108,   17
  270,20160417,   59,  103,    1
  270,20160418,   89,  122,   33
  270,20160419,   83,  111,   43
  270,20160420,   64,  108,   -2
  270,20160421,   63,  124,  -35
  270,20160422,   65,  106,    2
  270,20160423,   50,   85,    4
  270,20160424,   44,   82,    3
  270,20160425,   46,   96,    4
  270,20160426,   43,   81,    9
  270,20160427,   50,   89,    6
  270,20160428,   48,   96,   -5
  270,20160429,   69,  104,   24
  270,20160430,   62,  106,  -20
  270,20160501,   67,  124,  -30
  270,20160502,  108,  158,    0
  270,20160503,   87,  125,   12
  270,20160504,  102,  157,    1
  270,20160505,  128,  183,   49
  270,20160506,  166,  230,   54
  270,20160507,  204,  260,  120
  270,20160508,  200,  249,  118
  270,20160509,  199,  246,  112
  270,20160510,  188,  240,  111
  270,20160511,  187,  249,  108
  270,20160512,  171,  226,   97
  270,20160513,  118,  170,   70
  270,20160514,   81,  115,   47
  270,20160515,   80,  113,   28
  270,20160516,   90,  131,   20
  270,20160517,  114,  153,   53
  270,20160518,  131,  181,   59
  270,20160519,  141,  197,   78
  270,20160520,  130,  153,   93
  270,20160521,  154,  214,   80
  270,20160522,  152,  188,  121
  270,20160523,  112,  122,   91
  270,20160524,  102,  108,   90
  270,20160525,  118,  141,   89
  270,20160526,  124,  167,   72
  270,20160527,  126,  172,   62
  270,20160528,  157,  207,   83
  270,20160529,  154,  183,  113
  270,20160530,  161,  194,  138
  270,20160531,  185,  230,  143
  270,20160601,  177,  225,  137
  270,20160602,  136,  146,  128
  270,20160603,  184,  250,  126
  270,20160604,  199,  265,  116
  270,20160605,  144,  185,   89
  270,20160606,  142,  188,   78
  270,20160607,  149,  205,   78
  270,20160608,  126,  160,   94
  270,20160609,  126,  162,   62
  270,20160610,  132,  161,   82
  270,20160611,  141,  181,   93
  270,20160612,  162,  201,  117
  270,20160613,  161,  201,  141
  270,20160614,  155,  191,  115
  270,20160615,  142,  187,   96
  270,20160616,  159,  204,   83
  270,20160617,  154,  188,  116
  270,20160618,  141,  174,  102
  270,20160619,  143,  168,  106
  270,20160620,  152,  162,  129
  270,20160621,  178,  224,  130
  270,20160622,  194,  229,  129
  270,20160623,  204,  267,  185
  270,20160624,  182,  213,  100
  270,20160625,  152,  192,   91
  270,20160626,  149,  183,  109
  270,20160627,  147,  178,   83
  270,20160628,  154,  189,   85
  270,20160629,  155,  188,  129
  270,20160630,  153,  181,  136
  270,20160701,  160,  170,  132
  270,20160702,  149,  174,  116
  270,20160703,  151,  189,  104
  270,20160704,  169,  216,  109
  270,20160705,  149,  179,  103
  270,20160706,  142,  179,   83
  270,20160707,  162,  214,   80
  270,20160708,  164,  193,  123
  270,20160709,  170,  212,  107
  270,20160710,  195,  238,  158
  270,20160711,  175,  197,  153
  270,20160712,  168,  198,  114
  270,20160713,  143,  179,   94
  270,20160714,  144,  176,   99
  270,20160715,  157,  197,  112
  270,20160716,  180,  195,  146
  270,20160717,  176,  210,  124
  270,20160718,  184,  229,  121
  270,20160719,  217,  283,  118
  270,20160720,  241,  317,  174
  270,20160721,  216,  277,  160
  270,20160722,  190,  231,  155
  270,20160723,  187,  217,  159
  270,20160724,  199,  243,  151
  270,20160725,  182,  217,  125
  270,20160726,  180,  225,  123
  270,20160727,  174,  214,  113
  270,20160728,  170,  208,  100
  270,20160729,  183,  215,  150
  270,20160730,  175,  207,  146
  270,20160731,  161,  203,  114
  270,20160801,  160,  199,  113
  270,20160802,  168,  196,  123
  270,20160803,  187,  210,  155
  270,20160804,  176,  209,  139
  270,20160805,  167,  201,  118
  270,20160806,  165,  213,  107
  270,20160807,  182,  221,  110
  270,20160808,  159,  188,   93
  270,20160809,  133,  174,   87
  270,20160810,  117,  166,   65
  270,20160811,  140,  169,   62
  270,20160812,  173,  196,  142
  270,20160813,  163,  195,  108
  270,20160814,  153,  194,  102
  270,20160815,  143,  197,   73
  270,20160816,  146,  191,   81
  270,20160817,  161,  223,   97
  270,20160818,  155,  206,   70
  270,20160819,  179,  236,   76
  270,20160820,  176,  210,  139
  270,20160821,  163,  194,  139
  270,20160822,  177,  199,  142
  270,20160823,  209,  255,  174
  270,20160824,  240,  295,  168
  270,20160825,  242,  304,  162
  270,20160826,  198,  232,  117
  270,20160827,  183,  230,  104
  270,20160828,  201,  239,  161
  270,20160829,  164,  200,   98
  270,20160830,  170,  223,   94
  270,20160831,  181,  242,  101
  270,20160901,  167,  206,  108
  270,20160902,  173,  209,  109
  270,20160903,  181,  213,  152
  270,20160904,  173,  202,  146
  270,20160905,  173,  215,  115
  270,20160906,  183,  232,  109
  270,20160907,  198,  259,  130
  270,20160908,  195,  251,  114
  270,20160909,  181,  225,  104
  270,20160910,  192,  242,  137
  270,20160911,  184,  219,  147
  270,20160912,  213,  276,  140
  270,20160913,  237,  302,  137
  270,20160914,  233,  294,  169
  270,20160915,  217,  270,  168
  270,20160916,  182,  208,  138
  270,20160917,  169,  222,   97
  270,20160918,  164,  204,  100
  270,20160919,  146,  199,   62
  270,20160920,  139,  190,   53
  270,20160921,  153,  196,   67
  270,20160922,  154,  199,   57
  270,20160923,  144,  213,   63
  270,20160924,  163,  214,   66
  270,20160925,  169,  241,  104
  270,20160926,  137,  190,   68
  270,20160927,  146,  196,   45
  270,20160928,  177,  198,  158
  270,20160929,  167,  189,  131
  270,20160930,  138,  177,   92
  270,20161001,  130,  180,   92
  270,20161002,  120,  155,   72
  270,20161003,  135,  177,   55
  270,20161004,  124,  165,   77
  270,20161005,   94,  131,   42
  270,20161006,   97,  136,    5
  270,20161007,  118,  138,   99
  270,20161008,   94,  130,   24
  270,20161009,   78,  133,    1
  270,20161010,   67,  125,   -9
  270,20161011,   97,  131,   18
  270,20161012,   97,  121,   69
  270,20161013,   83,   99,   53
  270,20161014,   85,  105,   64
  270,20161015,  102,  131,   80
  270,20161016,  126,  174,   76
  270,20161017,  122,  165,   89
  270,20161018,   98,  129,   55
  270,20161019,   89,  115,   51
  270,20161020,   90,  120,   12
  270,20161021,   82,  120,   12
  270,20161022,   70,  117,    5
  270,20161023,   72,  115,    3
  270,20161024,   63,   91,   11
  270,20161025,   73,  120,  -15
  270,20161026,   75,  116,  -22
  270,20161027,  122,  154,   86
  270,20161028,  121,  158,   48
  270,20161029,   89,  137,   22
  270,20161030,  106,  125,   30
  270,20161031,  111,  157,   54
  270,20161101,   97,  136,   38
  270,20161102,   80,  112,   28
  270,20161103,   77,  110,   16
  270,20161104,   80,   97,   68
  270,20161105,   65,  100,   27
  270,20161106,   68,  110,    9
  270,20161107,   41,   62,    1
  270,20161108,   15,   33,  -38
  270,20161109,   25,   41,    6
  270,20161110,   19,   33,   -4
  270,20161111,   19,   67,  -48
  270,20161112,   14,   39,  -19
  270,20161113,   23,   35,    1
  270,20161114,   33,   70,   -7
  270,20161115,   99,  125,   46
  270,20161116,  101,  128,   52
  270,20161117,   73,   97,   22
  270,20161118,   59,   86,   32
  270,20161119,   46,   71,   24
  270,20161120,   70,  100,   34
  270,20161121,  108,  130,   61
  270,20161122,  100,  118,   34
  270,20161123,   76,   93,   12
  270,20161124,   59,   88,   10
  270,20161125,   36,   75,    1
  270,20161126,   33,   87,  -39
  270,20161127,   58,  101,  -44
  270,20161128,   -8,   46,  -80
  270,20161129,  -19,   30,  -86
  270,20161130,   55,   84,  -22
  270,20161201,   85,   95,   59
  270,20161202,   54,   89,  -30
  270,20161203,   23,   84,  -63
  270,20161204,  -12,   40,  -80
  270,20161205,  -34,   35,  -97
  270,20161206,  -15,   30,  -98
  270,20161207,   48,   66,   15
  270,20161208,   71,   97,   38
  270,20161209,   89,  100,   74
  270,20161210,   86,  104,   64
  270,20161211,   77,   93,   52
  270,20161212,   70,   89,   30
  270,20161213,   59,   68,   39
  270,20161214,   78,   85,   65
  270,20161215,   67,   85,   55
  270,20161216,   47,   59,   23
  270,20161217,   54,   84,   10
  270,20161218,   57,   89,   10
  270,20161219,   49,   83,  -11
  270,20161220,    4,   33,  -31
  270,20161221,   39,   57,    5
  270,20161222,   55,   75,   30
  270,20161223,   54,   74,   25
  270,20161224,   76,   93,   49
  270,20161225,   97,  110,   81
  270,20161226,   78,  107,   50
  270,20161227,   68,   89,   22
  270,20161228,   45,   78,    6
  270,20161229,    4,   26,   -7
  270,20161230,   19,   51,  -15
  270,20161231,   52,   76,   39
  380,20160101,   60,   87,   25
  380,20160102,   74,   95,   44
  380,20160103,   66,   88,   41
  380,20160104,   63,   76,   37
  380,20160105,   67,   80,   32
  380,20160106,   64,   78,   33
  380,20160107,   60,   81,   27
  380,20160108,   43,   79,    9
  380,20160109,   58,   81,   13
  380,20160110,   68,   91,   30
  380,20160111,   55,   78,   21
  380,20160112,   56,   75,   38
  380,20160113,   43,   56,   11
  380,20160114,   29,   49,   11
  380,20160115,   17,   22,    6
  380,20160116,   18,   50,   -8
  380,20160117,  -12,    9,  -67
  380,20160118,  -36,   -4,  -77
  380,20160119,  -38,    4,  -92
  380,20160120,   -5,   10,  -29
  380,20160121,    4,   43,  -45
  380,20160122,   17,   45,  -45
  380,20160123,   59,   78,   33
  380,20160124,   68,   85,   30
  380,20160125,  108,  162,   51
  380,20160126,   96,  108,   79
  380,20160127,  100,  110,   85
  380,20160128,   57,   97,   -3
  380,20160129,   68,   91,   13
  380,20160130,   62,   89,   17
  380,20160131,   70,  116,   28
  380,20160201,  108,  116,   97
  380,20160202,   80,  109,   42
  380,20160203,   45,   69,   25
  380,20160204,   47,   79,   16
  380,20160205,   82,  101,   14
  380,20160206,   95,  111,   67
  380,20160207,   83,  112,   52
  380,20160208,   82,  101,   61
  380,20160209,   55,  107,   22
  380,20160210,   37,   51,   23
  380,20160211,   42,   69,   12
  380,20160212,   28,   57,  -36
  380,20160213,   14,   42,  -45
  380,20160214,   18,   29,    1
  380,20160215,    9,   44,  -47
  380,20160216,   -8,   34,  -70
  380,20160217,    0,   43,  -78
  380,20160218,   22,   55,  -30
  380,20160219,   33,   77,    1
  380,20160220,   79,  109,   40
  380,20160221,  107,  120,   96
  380,20160222,   71,  106,   30
  380,20160223,   32,   80,   -6
  380,20160224,   23,   64,  -46
  380,20160225,    8,   60,  -50
  380,20160226,   23,   53,  -20
  380,20160227,   26,   72,  -11
  380,20160228,   17,   56,  -25
  380,20160229,   15,   68,  -57
  380,20160301,   14,   59,  -67
  380,20160302,   56,   95,   23
  380,20160303,   31,   70,  -13
  380,20160304,   31,   51,  -24
  380,20160305,   22,   47,  -14
  380,20160306,   21,   53,  -11
  380,20160307,   18,   49,  -38
  380,20160308,   18,   55,  -36
  380,20160309,   42,   84,  -12
  380,20160310,   38,   95,  -45
  380,20160311,   42,   98,  -29
  380,20160312,   27,   86,  -44
  380,20160313,   36,   97,  -25
  380,20160314,   29,   83,  -21
  380,20160315,   32,   78,  -45
  380,20160316,   42,   88,  -11
  380,20160317,   46,  106,  -24
  380,20160318,   23,   47,  -42
  380,20160319,   48,   61,   34
  380,20160320,   60,   88,   38
  380,20160321,   69,   97,   47
  380,20160322,   70,  113,   13
  380,20160323,   72,  104,   50
  380,20160324,   75,   93,   55
  380,20160325,   67,   96,    3
  380,20160326,   95,  154,  -11
  380,20160327,  100,  136,   66
  380,20160328,   94,  133,   47
  380,20160329,   82,  111,   47
  380,20160330,   92,  122,   58
  380,20160331,   63,   77,   47
  380,20160401,   79,  125,   12
  380,20160402,  112,  143,   63
  380,20160403,  159,  203,  111
  380,20160404,  132,  168,   87
  380,20160405,  103,  136,   51
  380,20160406,   91,  136,   52
  380,20160407,   69,  119,   29
  380,20160408,   73,  112,    4
  380,20160409,   95,  155,    3
  380,20160410,  111,  173,   61
  380,20160411,  140,  211,   49
  380,20160412,  109,  181,   31
  380,20160413,   89,  125,   26
  380,20160414,  106,  170,    5
  380,20160415,  117,  166,   86
  380,20160416,   91,  140,   23
  380,20160417,   60,  103,   -7
  380,20160418,   76,  130,  -10
  380,20160419,   90,  145,   15
  380,20160420,   83,  143,   -3
  380,20160421,  117,  194,    7
  380,20160422,  105,  148,   69
  380,20160423,   57,   95,  -12
  380,20160424,   37,   76,   -9
  380,20160425,   40,   74,   -6
  380,20160426,   30,   58,    4
  380,20160427,   42,   77,    7
  380,20160428,   51,  113,   -8
  380,20160429,   70,  112,   23
  380,20160430,   67,   92,   43
  380,20160501,   83,  132,    8
  380,20160502,  116,  185,    2
  380,20160503,  104,  147,    5
  380,20160504,   97,  150,   -4
  380,20160505,  134,  196,   40
  380,20160506,  177,  244,   62
  380,20160507,  203,  255,   99
  380,20160508,  201,  247,  118
  380,20160509,  197,  247,  126
  380,20160510,  172,  200,  140
  380,20160511,  193,  244,  116
  380,20160512,  179,  235,  112
  380,20160513,  169,  226,   92
  380,20160514,   88,  130,   41
  380,20160515,   85,  129,   44
  380,20160516,   94,  129,   57
  380,20160517,  129,  181,   67
  380,20160518,  140,  191,   72
  380,20160519,  132,  189,   69
  380,20160520,  138,  177,   84
  380,20160521,  189,  241,  123
  380,20160522,  165,  200,  126
  380,20160523,  110,  140,   98
  380,20160524,  110,  136,   83
  380,20160525,  119,  168,   78
  380,20160526,  163,  219,   53
  380,20160527,  168,  228,  105
  380,20160528,  171,  235,   96
  380,20160529,  163,  186,  118
  380,20160530,  157,  166,  149
  380,20160531,  164,  204,  139
  380,20160601,  153,  162,  121
  380,20160602,  176,  236,  152
  380,20160603,  161,  210,  146
  380,20160604,  158,  191,  146
  380,20160605,  189,  264,  146
  380,20160606,  199,  261,  132
  380,20160607,  193,  266,  135
  380,20160608,  182,  237,  120
  380,20160609,  160,  213,  100
  380,20160610,  164,  217,   70
  380,20160611,  172,  225,  134
  380,20160612,  162,  221,  142
  380,20160613,  152,  198,  135
  380,20160614,  153,  207,  118
  380,20160615,  137,  186,   95
  380,20160616,  137,  190,   78
  380,20160617,  145,  189,  120
  380,20160618,  137,  179,  119
  380,20160619,  144,  193,  101
  380,20160620,  156,  198,  110
  380,20160621,  176,  212,  141
  380,20160622,  209,  253,  148
  380,20160623,  251,  322,  159
  380,20160624,  204,  242,  160
  380,20160625,  152,  176,  104
  380,20160626,  146,  191,   99
  380,20160627,  149,  194,  114
  380,20160628,  174,  215,  126
  380,20160629,  168,  208,  130
  380,20160630,  172,  203,  144
  380,20160701,  181,  215,  147
  380,20160702,  145,  178,  110
  380,20160703,  153,  194,  110
  380,20160704,  175,  225,  106
  380,20160705,  164,  210,   87
  380,20160706,  157,  209,   85
  380,20160707,  177,  227,   78
  380,20160708,  202,  244,  151
  380,20160709,  203,  250,  163
  380,20160710,  236,  298,  172
  380,20160711,  195,  236,  156
  380,20160712,  161,  215,  109
  380,20160713,  133,  189,   91
  380,20160714,  142,  191,   77
  380,20160715,  158,  212,   77
  380,20160716,  186,  240,  143
  380,20160717,  205,  250,  139
  380,20160718,  222,  289,  117
  380,20160719,  246,  308,  130
  380,20160720,  266,  339,  161
  380,20160721,  234,  279,  182
  380,20160722,  218,  266,  167
  380,20160723,  208,  258,  174
  380,20160724,  212,  265,  156
  380,20160725,  205,  252,  148
  380,20160726,  192,  231,  142
  380,20160727,  185,  229,  125
  380,20160728,  193,  238,  154
  380,20160729,  189,  239,  151
  380,20160730,  183,  235,  135
  380,20160731,  166,  211,   97
  380,20160801,  169,  228,   89
  380,20160802,  160,  179,  135
  380,20160803,  181,  194,  168
  380,20160804,  170,  202,  133
  380,20160805,  164,  218,  112
  380,20160806,  170,  224,   90
  380,20160807,  199,  249,   90
  380,20160808,  171,  216,  114
  380,20160809,  139,  195,   77
  380,20160810,  123,  164,   63
  380,20160811,  127,  170,   60
  380,20160812,  180,  227,  141
  380,20160813,  186,  238,  130
  380,20160814,  182,  231,  119
  380,20160815,  176,  227,  128
  380,20160816,  174,  239,  100
  380,20160817,  187,  256,  111
  380,20160818,  184,  250,   87
  380,20160819,  191,  247,   98
  380,20160820,  185,  235,  131
  380,20160821,  158,  196,  133
  380,20160822,  179,  237,  120
  380,20160823,  222,  287,  135
  380,20160824,  246,  321,  124
  380,20160825,  256,  333,  145
  380,20160826,  248,  310,  182
  380,20160827,  244,  323,  171
  380,20160828,  217,  271,  140
  380,20160829,  177,  209,  126
  380,20160830,  173,  238,   76
  380,20160831,  189,  257,   82
  380,20160901,  176,  229,  104
  380,20160902,  182,  233,  110
  380,20160903,  189,  245,  121
  380,20160904,  178,  215,  146
  380,20160905,  176,  225,  118
  380,20160906,  191,  260,   89
  380,20160907,  202,  266,   86
  380,20160908,  208,  276,  112
  380,20160909,  171,  234,   76
  380,20160910,  187,  261,   75
  380,20160911,  202,  258,  147
  380,20160912,  229,  295,  114
  380,20160913,  255,  327,  172
  380,20160914,  246,  322,  143
  380,20160915,  211,  285,  133
  380,20160916,  176,  224,  131
  380,20160917,  172,  221,  117
  380,20160918,  158,  180,  102
  380,20160919,  154,  198,  111
  380,20160920,  148,  188,   60
  380,20160921,  162,  211,   73
  380,20160922,  153,  216,   58
  380,20160923,  157,  222,   74
  380,20160924,  172,  246,   83
  380,20160925,  180,  266,  106
  380,20160926,  133,  194,   52
  380,20160927,  147,  225,   41
  380,20160928,  177,  225,  123
  380,20160929,  172,  218,  134
  380,20160930,  146,  183,   76
  380,20161001,  137,  192,   82
  380,20161002,  114,  154,   87
  380,20161003,  129,  178,   87
  380,20161004,  116,  156,   70
  380,20161005,   91,  146,   29
  380,20161006,   80,  117,   10
  380,20161007,  111,  146,   87
  380,20161008,  100,  145,   28
  380,20161009,   78,  135,   -7
  380,20161010,   77,  131,    9
  380,20161011,   69,  126,  -15
  380,20161012,   81,   94,   44
  380,20161013,   83,  129,   19
  380,20161014,   98,  122,   66
  380,20161015,  114,  159,   72
  380,20161016,  149,  208,   73
  380,20161017,  123,  158,   81
  380,20161018,  105,  146,   67
  380,20161019,   85,  113,   63
  380,20161020,   87,  113,   66
  380,20161021,   71,   91,   41
  380,20161022,   73,  110,   -1
  380,20161023,   42,   82,  -26
  380,20161024,   92,  114,   63
  380,20161025,   93,  103,   83
  380,20161026,   82,  125,   45
  380,20161027,  105,  137,   68
  380,20161028,  121,  131,  107
  380,20161029,  113,  158,   27
  380,20161030,   97,  153,   18
  380,20161031,   97,  157,   17
  380,20161101,   98,  149,   44
  380,20161102,   73,  105,   45
  380,20161103,   65,  104,   35
  380,20161104,   71,  103,   44
  380,20161105,   73,  106,   52
  380,20161106,   54,   78,   33
  380,20161107,   43,   55,   27
  380,20161108,   30,   65,   -7
  380,20161109,   36,   57,   15
  380,20161110,   60,   79,   27
  380,20161111,   31,   54,  -13
  380,20161112,   34,   63,  -25
  380,20161113,   41,   58,   31
  380,20161114,   28,   51,  -37
  380,20161115,   75,  102,   45
  380,20161116,  113,  123,   96
  380,20161117,  105,  121,   85
  380,20161118,   72,  119,   34
  380,20161119,   60,   80,   42
  380,20161120,  104,  140,   48
  380,20161121,  131,  144,  108
  380,20161122,  108,  128,   67
  380,20161123,   97,  127,   68
  380,20161124,   80,  107,   41
  380,20161125,   42,   79,  -10
  380,20161126,   46,   69,  -15
  380,20161127,   43,   75,  -19
  380,20161128,    4,   32,  -30
  380,20161129,  -17,   25,  -68
  380,20161130,    0,   41,  -66
  380,20161201,   37,   56,   15
  380,20161202,   59,   86,   -5
  380,20161203,   -1,   44,  -50
  380,20161204,   -6,   31,  -43
  380,20161205,    6,   69,  -64
  380,20161206,   30,   93,  -34
  380,20161207,   68,  102,   12
  380,20161208,   68,   90,   42
  380,20161209,   89,  127,   62
  380,20161210,   79,  101,   39
  380,20161211,   76,  103,   63
  380,20161212,   61,   76,   16
  380,20161213,   67,   81,   39
  380,20161214,   78,  120,    9
  380,20161215,   48,   91,    1
  380,20161216,   48,   83,   -8
  380,20161217,   43,   60,    6
  380,20161218,   59,   67,   50
  380,20161219,   39,   69,  -31
  380,20161220,    1,   39,  -55
  380,20161221,   37,   67,   -5
  380,20161222,   56,   65,   47
  380,20161223,   55,   77,   34
  380,20161224,   72,   79,   59
  380,20161225,   86,   97,   72
  380,20161226,   67,  105,   13
  380,20161227,   30,   74,   -7
  380,20161228,   17,   41,  -63
  380,20161229,  -18,   34,  -81
  380,20161230,   -5,   52,  -78
  380,20161231,  -24,   18,  -59
